,GCF_000149425.1_ASM14942v1,GCF_000142805.1_ASM14280v1,GCF_000150675.1_ASM15067v2,GCF_016628075.1_Suipal1,GCF_000315645.1_PdigPd1_v1,GCF_000149845.2_SJ5,GCF_005498985.1_PGRAM_IIB_1.0,GCF_019049425.1_ASM1904942v1,GCF_000150505.1_SO6,GCF_000820605.1_S_brasiliensis_5110_v1,GCF_000150035.1_ASM15003v1,GCF_015039405.1_Cananz1,GCF_000240135.3_ASM24013v3,GCF_001641265.1_ASM164126v1,GCF_000349305.1_ASM34930v2,GCF_019207475.1_ASM1920747v1,GCF_015533775.1_ASM1553377v1,GCF_013368755.1_ASM1336875v1,GCF_000184455.2_ASM18445v3,GCF_000320585.1_Heterobasidion_irregulare_v2.0,GCF_000182805.2_ASM18280v2,GCF_000409485.1_GLAREA,GCF_014466165.1_ASM1446616v1,GCF_000961545.1_S_schenckii_v1,GCF_000149035.1_C_graminicola_M1_001_V1,GCF_000143535.2_ASM14353v4,GCF_000150975.2_MS_CBS118893,GCF_013461495.1_Bfra_R1V1,GCF_001078395.1_Aud_assembly02,GCF_000181695.1_ASM18169v1,GCF_011745365.1_Crypa2,GCF_016647635.1_Suisub1,GCF_003184545.1_Asphet1,GCF_000235365.1_ASM23536v1,GCF_000814965.1_MBR_1.0,GCF_000149555.1_ASM14955v1,GCF_000151145.1_ASM15114v1,GCF_001664035.1_Metbi1,GCF_000275845.1_Dichomitus_squalens_v1.0,GCF_012971845.1_ASM1297184v1,GCF_000219625.1_MYCGR_v2.0,GCF_000576695.1_AUH_PRJEB4427_v1,GCF_002117355.1_PosplRSB12_1,GCF_004353045.1_ASM435304v1,GCF_000149385.1_ASM14938v1,GCF_000167675.1_v2.0,GCF_000143365.1_ASM14336v1,GCF_003724135.2_ASM372413v2,GCF_900079805.1_Fusarium_fujikuroi_IMI58289_V2,GCF_003316985.1_ASM331698v1,GCF_000392275.1_UCRPA7V03,GCF_000271645.1_Treme1,GCF_010724455.1_ASM1072445v1,GCF_016906535.1_ASM1690653v1,GCF_000227115.2_ASM22711v2,GCF_016861625.1_AkawachiiIFO4308_assembly01,GCF_000146945.2_ASM14694v2,GCF_003144205.1_Meimi1,GCF_001672515.1_ASM167251v1,GCF_014898295.1_ASM1489829v1,GCF_001477545.1_Pneu_cari_B80_V3,GCF_002105105.1_Prola1,GCF_000151335.2_JCVI-cpa1-1.0,GCF_001646965.1_ASM164696v1,GCF_000149335.2_ASM14933v2,GCF_000002655.1_ASM265v1,GCF_000315915.1_ASM31591v1,GCF_000293215.1_Trichosporon_asahii_1,GCF_000747765.1_ASM74776v1,GCF_010015815.1_Dotsy1,GCF_002849105.1_Aspste1,GCF_016758755.1_Suidis1,GCF_013390185.1_ASM1339018v1,GCF_000708205.1_Mixia_osmundae_v1.0,GCF_003054445.1_ASM305444v1,GCF_000237345.1_ASM23734v1,GCF_002102565.1_Kocim1,GCF_000338955.1_Bauco1,GCF_001773325.1_ASM177332v1,GCF_000226095.1_ASM22609v1,GCF_014898435.1_ASM1489843v1,GCF_000315875.1_ASM31587v1,GCF_001640025.1_ASM164002v2,GCF_000170995.1_TRIVI_v2.0,GCF_014898465.1_ASM1489846v1,GCF_001651985.1_ASM165198v1,GCF_000938715.1_LALA0,GCF_002847485.1_Aspcam1,GCF_003184535.1_Aspeuc1,GCF_000304475.1_Ka_CBS2517,GCF_011692745.1_ASM1169274v1,GCF_000417875.1_Pflocc_1.0,GCF_000182765.1_ASM18276v2,GCF_000006335.3_ASM633v3,GCF_000338995.1_Cocsa1,GCF_000146045.2_R64,GCF_000218685.1_v1.0,GCF_000003515.1_ASM351v2,GCF_000149685.1_ASM14968v1,GCF_002237265.1_ASM223726v2,GCF_000348985.1_ASM34898v1,GCF_000182925.2_NC12,GCF_001548555.1_ASM154855v1,GCF_016758775.1_Suicli1,GCF_902498895.1_sapIngB,GCF_000209165.1_ASM20916v1,GCF_010093505.1_Horac1,GCF_003851025.1_SCP_1.1,GCF_002072235.1_ASM207223v1,GCF_002926085.2_CanDuoHae_v1.0,GCF_000091025.4_ASM9102v4,GCF_016861865.1_ApuulaauensisMK2_assembly01,GCF_004011695.1_Arabiei_Me14,GCF_000507465.1_Kwon_mang_CBS8507_V2,GCF_000300575.1_Agabi_varbisH97_2,GCF_000230375.1_ASM23037v1,GCF_018340605.1_Asppvi_assembly01,GCF_002775015.1_Cand_auris_B11221_V1,GCF_000002545.3_ASM254v2,GCF_000271605.1_Fomme1,GCF_900519145.1_Uho2_v1,GCF_008629635.1_Kwon_shan_CBS_12478_V1,GCF_000002855.3_ASM285v2,GCF_010015615.1_Cucbe1,GCF_002104995.1_Linpe1,GCF_000221225.1_CTHT_3.0,GCF_001561935.1_ASM156193v1,GCF_000143565.1_V1.0,GCF_000271585.1_Trametes_versicolor_v1.0,GCF_004022145.1_Paevar1,GCF_900007375.1_ASM90000737v1,GCF_002847465.1_Aspnov1,GCF_001500285.1_Phisc1,GCF_016647745.1_Suiplo1,GCF_001664045.1_Hanpo2,GCF_000182965.3_ASM18296v3,GCF_013402915.1_ASM1340291v1,GCF_000585565.1_Capr_epim_CBS_606_96_V1,GCF_000223485.1_Spathaspora_passalidarum_v2.0,GCF_011074865.1_ASM1107486v2,GCF_903064755.1_KABA2,GCF_016861735.1_AchevalieriM1_assembly01,GCF_000150705.2_Paracocci_br_Pb01_V2,GCF_014898535.1_ASM1489853v1,GCF_000298775.1_ASM29877v1,GCF_001625195.1_ASM162519v1,GCF_000300555.1_Agabi_varbur_1,GCF_000236905.1_ASM23690v1,GCF_000002945.1_ASM294v2,GCF_001278385.1_MalaPachy,GCF_000151645.1_ASM15164v1,GCF_016647785.1_Suifus1,GCF_008694065.1_Dalch_JS-1345,GCF_011074885.1_ASM1107488v2,GCF_000804445.1_MAM_1.0_for_version_1_of_the_Metarhizium_album_genome,GCF_001299255.1_ASM129925v1,GCF_000151125.1_ASM15112v2,GCF_009771025.1_ASM977102v1,GCF_000313485.1_ASM31348v1,GCF_000497045.1_PSEUBRA1,GCF_016647625.1_Suisu1,GCF_014117465.1_ASM1411746v1,GCF_000001985.1_JCVI-PMFA1-2.0,GCF_001417885.1_Kmar_1.0,GCF_000340215.1_Mycfi2,GCF_014461135.1_ASM1446113v1,GCF_001896365.1_ASM189636v1,GCF_014066305.1_Lecol_v1.0,GCF_000171015.1_TRIAT_v2.0,GCF_010093625.1_Macan1,GCF_001792695.1_ASM179269v1,GCF_000149585.1_ASM14958v1,GCF_001831195.1_CORC01,GCF_001653235.2_ASM165323v2,GCF_000687475.1_ASM68747v2,GCF_000300595.1_Phanerochaete_carnosa_HHB-10118-Sp_v1.0,GCF_003290485.1_ASM329048v1,GCF_000203795.1_v1.0,GCF_002105155.1_Lobtra1,GCF_000313525.1_ASM31352v1,GCF_001642475.1_ASM164247v1,GCF_019207285.1_ASM1920728v1,GCF_000149245.1_CNA3,GCF_000002515.2_ASM251v1,GCF_007821495.1_CFIA_Lhya_EG2017,GCF_001477535.1_Pneu_jiro_RU7_V2,GCF_002846915.1_Aspergillus_ochraceoroseus_IBT_24754_v1.1,GCF_001883845.1_ASM188384v1,GCF_001329695.1_Rhoba1_1,GCF_000403515.1_ASM40351v1,GCF_000243375.1_ASM24337v1,GCF_000003125.1_JCVI-TSTA1-3.0,GCF_002251995.1_ASM225199v2,GCF_001890905.1_Aspac1,GCF_013390195.1_ASM1339019v1,GCF_000349005.2_Pneumo_murina_B123_V4,GCF_000146915.1_ASM14691v2,GCF_003019875.1_Amore1,GCF_000151505.1_ASM15150v1,GCF_000003835.1_ASM383v1,GCF_000226115.1_ASM22611v1,GCF_000464535.1_EPUS,GCF_907166805.1_ALTATR162,GCF_014133895.1_ASM1413389v1,GCF_008704595.1_ASM870459v1,GCF_000150735.1_Paracocci_br_Pb18_V2,GCF_010093815.1_Psehy1,GCF_000026365.1_ASM2636v1,GCF_003144295.1_Acain1,GCF_001638985.1_Phybl2,GCF_000003855.2_BD_SLH14081_V1,GCF_003942205.1_ASM394220v1,GCF_003426965.1_ASM342696v1,GCF_000149955.1_ASM14995v2,GCF_000292625.1_Dacryopinax_sp._DJM_731_SSP1_v1.0,GCF_000182565.1_S_punctatus_V1,GCF_000732125.1_ScApio1.0,GCF_013340325.1_ASM1334032v1,GCF_000439145.1_ASM43914v3,GCF_003013735.1_Cand_pseudohaemulonii_B12108,GCF_000091045.1_ASM9104v1,GCF_000359705.1_Setospaeria_trucica_Et28A_v1.0,GCF_003184525.1_Aspscl1,GCF_000185945.1_ASM18594v1,GCF_000026945.1_ASM2694v1,GCF_018924745.1_UU_Maror_2,GCF_000143105.1_Sanger-454-IlluminaPA_2.0,GCF_000149615.1_ASM14961v1,GCF_000150825.1_ASM15082v1,GCF_014595645.1_ASM1459564v1,GCF_000187245.1_Hansenula_2,GCF_016758785.1_Suibov1,GCF_002926055.2_CanHae_1.0,GCF_001661255.1_Wican1,GCF_000002715.2_ASM271v1
GCF_000149425.1_ASM14942v1,1.0,0.411,0.272,0.254,0.305,0.377,0.253,0.613,0.252,0.215,0.403,0.151,0.294,0.147,0.228,0.389,0.32,0.254,0.266,0.252,0.257,0.335,0.291,0.227,0.196,0.368,0.259,0.368,0.253,0.22,0.223,0.267,0.298,0.406,0.319,0.283,0.227,0.388,0.326,0.335,0.355,0.512,0.284,0.328,0.42,0.213,0.3,0.268,0.283,0.247,0.187,0.336,0.24,0.278,0.351,0.329,0.364,0.345,0.2,0.368,0.13,0.28,0.26,0.263,0.298,0.242,0.384,0.311,0.231,0.304,0.324,0.244,0.275,0.344,0.355,0.355,0.32,0.318,0.307,0.253,0.368,0.548,0.388,0.257,0.368,0.313,0.443,0.27,0.329,0.391,0.241,0.273,0.424,0.502,0.33,0.315,0.248,0.321,0.457,0.244,0.466,0.295,0.401,0.243,0.429,0.712,0.303,0.291,0.341,0.412,0.45,0.302,0.404,0.412,0.252,0.256,0.25,0.386,0.263,0.228,0.279,0.325,0.255,0.24,0.195,0.272,0.337,0.263,0.248,0.308,0.248,0.25,0.177,0.267,0.411,0.484,0.394,0.323,0.551,0.311,0.373,0.39,0.246,0.368,0.306,0.282,0.252,0.406,0.192,0.283,0.314,0.239,0.274,0.443,0.293,0.275,0.268,0.295,0.582,0.218,0.223,0.266,0.297,0.367,0.341,0.254,0.29,0.142,0.3,0.432,0.241,0.243,0.22,0.335,0.252,0.21,0.261,0.265,0.291,0.245,0.299,0.381,0.404,0.382,0.142,0.394,0.253,0.347,0.336,0.249,0.377,0.308,0.398,0.241,0.329,0.157,0.457,0.318,0.271,0.438,0.293,0.14,0.283,0.342,0.208,0.248,0.282,0.376,0.273,0.311,0.287,0.34,0.304,0.291,0.285,0.223,0.27,0.329,0.412,0.416,0.42,0.366,0.274,0.388,0.448,0.216,0.264,0.252,0.276,0.355,0.405,0.228,0.348,0.627,0.235
GCF_000142805.1_ASM14280v1,0.411,1.0,0.205,0.2,0.257,0.334,0.208,0.375,0.217,0.15,0.444,0.147,0.285,0.167,0.298,0.35,0.265,0.23,0.241,0.29,0.226,0.242,0.224,0.199,0.203,0.289,0.254,0.318,0.278,0.256,0.211,0.274,0.208,0.554,0.293,0.25,0.222,0.374,0.255,0.306,0.248,0.344,0.308,0.306,0.336,0.191,0.238,0.282,0.25,0.263,0.241,0.309,0.272,0.303,0.461,0.176,0.291,0.339,0.227,0.318,0.143,0.299,0.235,0.232,0.167,0.272,0.346,0.328,0.263,0.272,0.288,0.17,0.248,0.327,0.342,0.443,0.309,0.257,0.274,0.254,0.318,0.41,0.401,0.26,0.327,0.264,0.872,0.247,0.176,0.471,0.235,0.308,0.386,0.389,0.317,0.419,0.306,0.263,0.449,0.22,0.498,0.246,0.523,0.174,0.285,0.4,0.282,0.281,0.279,0.333,0.564,0.266,0.347,0.322,0.256,0.279,0.189,0.359,0.335,0.284,0.227,0.357,0.194,0.266,0.2,0.243,0.275,0.256,0.269,0.231,0.232,0.255,0.146,0.251,0.304,0.345,0.404,0.306,0.445,0.276,0.422,0.321,0.225,0.318,0.264,0.222,0.256,0.45,0.214,0.283,0.287,0.235,0.277,0.331,0.306,0.247,0.269,0.234,0.459,0.231,0.154,0.241,0.199,0.447,0.232,0.263,0.193,0.132,0.192,0.353,0.236,0.15,0.216,0.27,0.255,0.242,0.284,0.308,0.3,0.325,0.232,0.344,0.315,0.462,0.135,0.352,0.263,0.187,0.314,0.236,0.439,0.24,0.347,0.257,0.249,0.172,0.449,0.282,0.281,0.352,0.178,0.144,0.31,0.423,0.193,0.189,0.296,0.388,0.341,0.27,0.244,0.347,0.224,0.268,0.263,0.201,0.296,0.176,0.333,0.303,0.336,0.273,0.21,0.342,0.405,0.199,0.2,0.213,0.236,0.266,0.321,0.248,0.306,0.442,0.274
GCF_000150675.1_ASM15067v2,0.272,0.205,1.0,0.315,0.328,0.247,0.249,0.272,0.171,0.376,0.216,0.102,0.462,0.129,0.208,0.235,0.324,0.298,0.329,0.264,0.362,0.314,0.247,0.361,0.445,0.352,0.295,0.352,0.319,0.225,0.322,0.25,0.329,0.301,0.514,0.461,0.191,0.306,0.289,0.43,0.405,0.257,0.239,0.402,0.309,0.334,0.369,0.931,0.461,0.442,0.398,0.264,0.312,0.281,0.192,0.303,0.333,0.25,0.456,0.352,0.114,0.31,0.254,0.317,0.173,0.319,0.368,0.313,0.229,0.326,0.314,0.274,0.47,0.298,0.242,0.241,0.343,0.368,0.304,0.418,0.352,0.295,0.31,0.324,0.358,0.338,0.275,0.278,0.303,0.216,0.252,0.165,0.295,0.314,0.277,0.173,0.228,0.285,0.284,0.358,0.294,0.353,0.258,0.23,0.276,0.255,0.394,0.234,0.308,0.263,0.261,0.282,0.318,0.309,0.189,0.16,0.291,0.27,0.195,0.274,0.207,0.284,0.297,0.19,0.206,0.333,0.307,0.223,0.309,0.316,0.455,0.315,0.129,0.266,0.197,0.321,0.242,0.309,0.324,0.281,0.263,0.368,0.244,0.352,0.281,0.412,0.189,0.302,0.157,0.267,0.286,0.267,0.476,0.185,0.35,0.325,0.259,0.486,0.215,0.225,0.245,0.329,0.288,0.266,0.429,0.244,0.296,0.102,0.419,0.339,0.319,0.287,0.465,0.395,0.387,0.283,0.234,0.183,0.249,0.292,0.302,0.237,0.3,0.252,0.139,0.278,0.377,0.318,0.287,0.209,0.235,0.269,0.384,0.311,0.466,0.122,0.284,0.326,0.277,0.33,0.355,0.144,0.265,0.185,0.099,0.227,0.239,0.267,0.187,0.257,0.283,0.278,0.321,0.447,0.227,0.207,0.424,0.303,0.204,0.32,0.309,0.285,0.332,0.3,0.287,0.147,0.321,0.322,0.931,0.343,0.235,0.258,0.328,0.228,0.306
GCF_016628075.1_Suipal1,0.254,0.2,0.315,1.0,0.205,0.211,0.196,0.275,0.235,0.221,0.173,0.15,0.196,0.118,0.207,0.248,0.17,0.215,0.209,0.412,0.252,0.263,0.329,0.236,0.249,0.247,0.223,0.249,0.22,0.195,0.19,0.804,0.227,0.209,0.246,0.221,0.27,0.308,0.305,0.301,0.248,0.244,0.365,0.264,0.309,0.206,0.205,0.268,0.221,0.261,0.22,0.274,0.22,0.326,0.313,0.235,0.253,0.23,0.187,0.249,0.119,0.302,0.216,0.289,0.217,0.243,0.278,0.274,0.235,0.232,0.236,0.758,0.25,0.296,0.26,0.263,0.325,0.242,0.233,0.247,0.249,0.249,0.297,0.252,0.248,0.274,0.322,0.238,0.235,0.247,0.276,0.239,0.252,0.291,0.257,0.217,0.366,0.251,0.276,0.252,0.239,0.237,0.182,0.843,0.266,0.194,0.213,0.395,0.227,0.281,0.251,0.263,0.304,0.321,0.267,0.175,0.287,0.274,0.227,0.269,0.214,0.274,0.224,0.155,0.131,0.252,0.197,0.345,0.356,0.219,0.259,0.262,0.121,0.737,0.242,0.239,0.258,0.305,0.267,0.275,0.28,0.283,0.222,0.249,0.237,0.232,0.267,0.3,0.175,0.308,0.238,0.717,0.222,0.305,0.282,0.195,0.244,0.264,0.281,0.187,0.794,0.209,0.266,0.234,0.272,0.277,0.229,0.122,0.276,0.278,0.193,0.158,0.241,0.207,0.189,0.272,0.167,0.203,0.213,0.338,0.267,0.251,0.314,0.253,0.129,0.279,0.257,0.273,0.297,0.224,0.262,0.216,0.303,0.219,0.248,0.163,0.276,0.217,0.259,0.292,0.209,0.094,0.248,0.223,0.152,0.212,0.271,0.235,0.232,0.26,0.306,0.27,0.257,0.227,0.302,0.202,0.232,0.235,0.296,0.246,0.309,0.262,0.274,0.309,0.286,0.295,0.177,0.271,0.275,0.186,0.257,0.724,0.284,0.283,0.229
GCF_000315645.1_PdigPd1_v1,0.305,0.257,0.328,0.205,1.0,0.223,0.208,0.316,0.185,0.387,0.226,0.147,0.382,0.194,0.229,0.229,0.884,0.662,0.703,0.305,0.403,0.52,0.254,0.401,0.406,0.48,0.441,0.48,0.777,0.192,0.32,0.196,0.694,0.198,0.444,0.431,0.374,0.26,0.257,0.417,0.49,0.293,0.249,0.388,0.293,0.384,0.46,0.312,0.431,0.414,0.387,0.283,0.769,0.216,0.243,0.693,0.473,0.183,0.416,0.48,0.145,0.3,0.49,0.498,0.304,0.769,0.316,0.284,0.249,0.351,0.668,0.221,0.408,0.246,0.342,0.292,0.323,0.471,0.777,0.442,0.48,0.328,0.432,0.382,0.496,0.495,0.232,0.698,0.693,0.244,0.359,0.169,0.328,0.326,0.382,0.2,0.232,0.468,0.319,0.777,0.29,0.387,0.244,0.184,0.228,0.289,0.482,0.311,0.948,0.285,0.229,0.577,0.45,0.316,0.188,0.248,0.697,0.312,0.224,0.219,0.233,0.278,0.701,0.162,0.161,0.457,0.924,0.202,0.314,0.724,0.417,0.768,0.188,0.194,0.231,0.346,0.254,0.436,0.325,0.241,0.237,0.637,0.531,0.48,0.443,0.399,0.188,0.325,0.158,0.339,0.337,0.237,0.455,0.336,0.426,0.524,0.409,0.421,0.247,0.188,0.186,0.703,0.604,0.25,0.461,0.245,0.604,0.113,0.447,0.446,0.691,0.486,0.423,0.383,0.349,0.268,0.286,0.152,0.155,0.218,0.518,0.239,0.309,0.256,0.203,0.249,0.609,0.444,0.269,0.224,0.23,0.62,0.316,0.683,0.432,0.145,0.319,0.559,0.38,0.303,0.41,0.296,0.327,0.201,0.142,0.529,0.296,0.277,0.21,0.22,0.511,0.326,0.733,0.437,0.216,0.16,0.396,0.693,0.296,0.312,0.293,0.336,0.699,0.316,0.366,0.19,0.347,0.683,0.304,0.349,0.245,0.212,0.312,0.313,0.735
GCF_000149845.2_SJ5,0.377,0.334,0.247,0.211,0.223,1.0,0.276,0.405,0.323,0.229,0.286,0.14,0.296,0.128,0.277,0.322,0.225,0.276,0.226,0.255,0.23,0.296,0.326,0.281,0.244,0.29,0.178,0.29,0.245,0.197,0.186,0.279,0.206,0.276,0.268,0.322,0.163,0.337,0.314,0.343,0.207,0.307,0.276,0.354,0.439,0.223,0.29,0.258,0.322,0.269,0.302,0.282,0.238,0.348,0.245,0.244,0.332,0.32,0.262,0.29,0.159,0.313,0.215,0.304,0.222,0.252,0.309,0.382,0.276,0.291,0.223,0.248,0.23,0.195,0.305,0.275,0.359,0.258,0.274,0.221,0.29,0.376,0.341,0.249,0.282,0.318,0.318,0.162,0.244,0.265,0.224,0.27,0.36,0.373,0.307,0.246,0.292,0.237,0.333,0.224,0.307,0.293,0.296,0.25,0.302,0.372,0.226,0.311,0.227,0.34,0.257,0.252,0.341,0.417,0.232,0.256,0.227,0.321,0.233,0.263,0.23,0.366,0.223,0.223,0.204,0.29,0.223,0.299,0.281,0.177,0.293,0.24,0.139,0.283,0.303,0.354,0.251,0.341,0.363,0.26,0.259,0.371,0.224,0.29,0.156,0.282,0.232,0.308,0.287,0.241,0.314,0.232,0.236,0.302,0.251,0.176,0.194,0.23,0.332,0.296,0.263,0.226,0.198,0.292,0.256,0.292,0.212,0.135,0.268,0.368,0.207,0.202,0.264,0.314,0.192,0.239,0.272,0.291,0.34,0.348,0.25,0.289,0.409,0.271,0.124,0.401,0.211,0.227,0.363,0.276,0.247,0.257,0.395,0.194,0.236,0.149,0.333,0.268,0.229,0.383,0.207,0.144,0.21,0.261,0.178,0.238,0.231,0.27,0.25,0.308,0.241,0.366,0.22,0.342,0.283,0.278,0.254,0.244,0.398,0.336,0.439,0.308,0.209,0.39,0.297,0.26,0.199,0.187,0.271,0.25,0.32,0.272,0.351,0.334,0.195
GCF_005498985.1_PGRAM_IIB_1.0,0.253,0.208,0.249,0.196,0.208,0.276,1.0,0.256,0.132,0.201,0.238,0.14,0.261,0.126,0.259,0.192,0.211,0.187,0.236,0.236,0.226,0.263,0.262,0.195,0.193,0.223,0.184,0.223,0.198,0.218,0.237,0.224,0.231,0.192,0.274,0.253,0.223,0.252,0.27,0.281,0.293,0.231,0.22,0.274,0.226,0.21,0.215,0.261,0.253,0.243,0.241,0.253,0.198,0.231,0.204,0.23,0.186,0.281,0.234,0.223,0.142,0.22,0.214,0.279,0.216,0.228,0.265,0.27,0.661,0.32,0.227,0.235,0.255,0.236,0.26,0.19,0.301,0.275,0.232,0.244,0.223,0.283,0.282,0.225,0.223,0.254,0.209,0.263,0.23,0.243,0.171,0.229,0.279,0.24,0.247,0.209,0.22,0.256,0.234,0.214,0.286,0.219,0.234,0.231,0.223,0.244,0.294,0.215,0.24,0.244,0.261,0.299,0.211,0.239,0.229,0.227,0.189,0.251,0.205,0.241,0.627,0.272,0.23,0.168,0.179,0.244,0.209,0.217,0.321,0.213,0.236,0.228,0.115,0.226,0.223,0.278,0.246,0.206,0.302,0.227,0.225,0.252,0.19,0.223,0.203,0.281,0.229,0.272,0.152,0.228,0.201,0.198,0.226,0.274,0.251,0.217,0.24,0.248,0.255,0.639,0.214,0.236,0.183,0.215,0.271,0.206,0.187,0.083,0.205,0.274,0.202,0.231,0.25,0.224,0.204,0.241,0.215,0.286,0.218,0.202,0.26,0.217,0.232,0.223,0.131,0.237,0.227,0.238,0.228,0.651,0.211,0.223,0.274,0.228,0.223,0.121,0.234,0.235,0.202,0.255,0.212,0.135,0.254,0.239,0.126,0.238,0.24,0.22,0.26,0.248,0.26,0.255,0.244,0.263,0.255,0.216,0.223,0.23,0.315,0.265,0.226,0.207,0.245,0.246,0.24,0.183,0.241,0.223,0.254,0.211,0.209,0.237,0.265,0.255,0.221
GCF_019049425.1_ASM1904942v1,0.613,0.375,0.272,0.275,0.316,0.405,0.256,1.0,0.239,0.24,0.379,0.136,0.343,0.161,0.319,0.387,0.315,0.284,0.296,0.249,0.237,0.39,0.332,0.245,0.239,0.417,0.246,0.417,0.242,0.262,0.24,0.275,0.273,0.387,0.323,0.302,0.176,0.379,0.324,0.312,0.304,0.472,0.255,0.347,0.37,0.243,0.24,0.317,0.302,0.282,0.274,0.336,0.234,0.273,0.333,0.257,0.398,0.307,0.29,0.417,0.137,0.328,0.304,0.345,0.279,0.234,0.353,0.367,0.245,0.271,0.267,0.229,0.296,0.307,0.344,0.37,0.341,0.318,0.327,0.258,0.417,0.516,0.376,0.278,0.417,0.339,0.384,0.242,0.257,0.354,0.237,0.273,0.5,0.494,0.318,0.327,0.269,0.296,0.521,0.211,0.418,0.297,0.355,0.255,0.373,0.749,0.245,0.211,0.322,0.379,0.38,0.322,0.331,0.382,0.268,0.274,0.278,0.386,0.238,0.259,0.218,0.368,0.247,0.253,0.235,0.237,0.312,0.314,0.246,0.251,0.327,0.224,0.159,0.217,0.394,0.441,0.366,0.357,0.548,0.268,0.41,0.349,0.201,0.417,0.229,0.273,0.268,0.485,0.216,0.347,0.313,0.269,0.278,0.423,0.299,0.252,0.242,0.321,0.537,0.244,0.272,0.296,0.282,0.39,0.357,0.287,0.263,0.134,0.259,0.337,0.29,0.212,0.257,0.306,0.266,0.224,0.221,0.317,0.305,0.301,0.368,0.39,0.374,0.404,0.15,0.379,0.3,0.3,0.309,0.23,0.321,0.273,0.349,0.291,0.312,0.164,0.521,0.34,0.248,0.437,0.202,0.171,0.242,0.333,0.197,0.157,0.316,0.401,0.312,0.272,0.292,0.4,0.232,0.31,0.283,0.198,0.351,0.257,0.373,0.39,0.37,0.315,0.261,0.373,0.474,0.212,0.224,0.26,0.328,0.275,0.403,0.278,0.391,0.526,0.256
GCF_000150505.1_SO6,0.252,0.217,0.171,0.235,0.185,0.323,0.132,0.239,1.0,0.109,0.264,0.125,0.199,0.104,0.212,0.263,0.183,0.152,0.178,0.2,0.147,0.233,0.201,0.172,0.133,0.261,0.122,0.259,0.182,0.188,0.175,0.158,0.13,0.234,0.201,0.19,0.082,0.233,0.21,0.207,0.166,0.249,0.235,0.222,0.268,0.122,0.156,0.182,0.19,0.177,0.169,0.207,0.178,0.266,0.233,0.192,0.249,0.257,0.168,0.259,0.151,0.24,0.164,0.178,0.182,0.182,0.22,0.268,0.16,0.226,0.13,0.166,0.206,0.221,0.214,0.264,0.242,0.159,0.229,0.135,0.259,0.292,0.265,0.136,0.257,0.208,0.242,0.182,0.192,0.309,0.123,0.187,0.264,0.255,0.184,0.267,0.192,0.189,0.268,0.175,0.19,0.156,0.22,0.173,0.226,0.259,0.152,0.221,0.197,0.211,0.252,0.178,0.225,0.284,0.252,0.2,0.188,0.235,0.211,0.229,0.167,0.237,0.188,0.19,0.182,0.138,0.188,0.24,0.213,0.165,0.194,0.178,0.093,0.191,0.228,0.266,0.219,0.216,0.223,0.192,0.234,0.23,0.128,0.259,0.18,0.155,0.252,0.223,0.338,0.17,0.198,0.213,0.169,0.238,0.207,0.153,0.142,0.206,0.276,0.186,0.181,0.178,0.155,0.3,0.194,0.176,0.179,0.166,0.182,0.226,0.166,0.13,0.152,0.171,0.152,0.231,0.185,0.203,0.237,0.268,0.178,0.229,0.279,0.264,0.101,0.307,0.167,0.169,0.256,0.198,0.207,0.17,0.295,0.13,0.197,0.151,0.268,0.206,0.15,0.232,0.067,0.04,0.205,0.267,0.181,0.111,0.19,0.264,0.216,0.212,0.168,0.252,0.159,0.19,0.223,0.197,0.177,0.192,0.228,0.218,0.268,0.24,0.184,0.273,0.29,0.203,0.069,0.185,0.187,0.176,0.233,0.213,0.211,0.251,0.157
GCF_000820605.1_S_brasiliensis_5110_v1,0.215,0.15,0.376,0.221,0.387,0.229,0.201,0.24,0.109,1.0,0.167,0.175,0.463,0.139,0.22,0.17,0.384,0.408,0.357,0.214,0.378,0.386,0.196,0.917,0.411,0.354,0.297,0.354,0.391,0.168,0.365,0.24,0.367,0.206,0.457,0.464,0.313,0.261,0.264,0.398,0.353,0.245,0.235,0.392,0.213,0.356,0.439,0.375,0.464,0.471,0.483,0.283,0.384,0.152,0.218,0.375,0.32,0.122,0.445,0.354,0.111,0.349,0.342,0.287,0.166,0.373,0.27,0.259,0.203,0.243,0.366,0.229,0.397,0.262,0.242,0.244,0.268,0.391,0.42,0.42,0.354,0.226,0.27,0.334,0.354,0.316,0.191,0.39,0.375,0.155,0.292,0.214,0.231,0.308,0.277,0.185,0.281,0.288,0.266,0.36,0.238,0.378,0.162,0.218,0.216,0.214,0.361,0.249,0.399,0.235,0.183,0.355,0.347,0.232,0.169,0.179,0.351,0.242,0.187,0.191,0.175,0.234,0.382,0.078,0.118,0.467,0.408,0.154,0.259,0.399,0.483,0.362,0.15,0.227,0.222,0.318,0.271,0.298,0.276,0.281,0.213,0.32,0.346,0.354,0.311,0.5,0.169,0.163,0.096,0.19,0.253,0.221,0.378,0.212,0.396,0.387,0.268,0.397,0.273,0.178,0.245,0.357,0.388,0.157,0.418,0.151,0.392,0.105,0.43,0.322,0.377,0.32,0.44,0.412,0.434,0.155,0.165,0.132,0.234,0.157,0.279,0.225,0.225,0.206,0.163,0.204,0.333,0.359,0.251,0.15,0.143,0.402,0.314,0.376,0.404,0.099,0.266,0.398,0.288,0.241,0.463,0.187,0.296,0.222,0.129,0.347,0.223,0.265,0.214,0.204,0.337,0.23,0.381,0.464,0.199,0.081,0.496,0.375,0.286,0.223,0.213,0.291,0.339,0.253,0.357,0.107,0.453,0.405,0.382,0.379,0.186,0.215,0.26,0.273,0.38
GCF_000150035.1_ASM15003v1,0.403,0.444,0.216,0.173,0.226,0.286,0.238,0.379,0.264,0.167,1.0,0.127,0.246,0.118,0.268,0.298,0.257,0.195,0.189,0.255,0.212,0.267,0.227,0.199,0.211,0.301,0.161,0.296,0.235,0.239,0.191,0.214,0.196,0.454,0.251,0.267,0.202,0.314,0.237,0.255,0.249,0.335,0.269,0.258,0.308,0.217,0.195,0.232,0.267,0.242,0.204,0.246,0.229,0.293,0.464,0.212,0.279,0.307,0.165,0.296,0.185,0.23,0.137,0.203,0.162,0.229,0.298,0.308,0.262,0.238,0.207,0.21,0.203,0.269,0.272,0.478,0.261,0.191,0.258,0.247,0.296,0.347,0.283,0.197,0.301,0.224,0.489,0.217,0.212,0.457,0.171,0.244,0.364,0.361,0.325,0.417,0.211,0.169,0.41,0.222,0.417,0.19,0.454,0.239,0.286,0.376,0.231,0.207,0.24,0.275,0.457,0.223,0.263,0.311,0.209,0.258,0.189,0.305,0.364,0.208,0.254,0.258,0.223,0.242,0.207,0.215,0.237,0.269,0.251,0.188,0.226,0.218,0.077,0.213,0.315,0.362,0.329,0.248,0.365,0.252,0.41,0.262,0.182,0.296,0.234,0.196,0.209,0.403,0.213,0.282,0.322,0.198,0.18,0.241,0.229,0.181,0.165,0.203,0.404,0.223,0.205,0.189,0.211,0.462,0.229,0.187,0.224,0.156,0.251,0.279,0.232,0.191,0.219,0.216,0.174,0.228,0.221,0.228,0.274,0.222,0.237,0.304,0.305,0.439,0.115,0.304,0.222,0.187,0.318,0.223,0.563,0.183,0.275,0.154,0.198,0.147,0.41,0.252,0.173,0.289,0.19,0.12,0.252,0.528,0.204,0.182,0.23,0.449,0.288,0.215,0.141,0.345,0.201,0.232,0.273,0.215,0.229,0.212,0.258,0.277,0.308,0.269,0.209,0.3,0.333,0.208,0.145,0.188,0.212,0.193,0.306,0.183,0.249,0.395,0.168
GCF_015039405.1_Cananz1,0.151,0.147,0.102,0.15,0.147,0.14,0.14,0.136,0.125,0.175,0.127,1.0,0.146,0.085,0.139,0.145,0.143,0.17,0.157,0.164,0.127,0.183,0.166,0.162,0.12,0.139,0.151,0.144,0.167,0.133,0.142,0.175,0.154,0.133,0.134,0.137,0.145,0.097,0.143,0.143,0.118,0.134,0.167,0.128,0.157,0.147,0.146,0.118,0.137,0.158,0.13,0.127,0.167,0.164,0.154,0.165,0.147,0.139,0.108,0.144,0.05,0.14,0.134,0.169,0.11,0.169,0.129,0.141,0.139,0.12,0.174,0.141,0.138,0.123,0.13,0.138,0.158,0.151,0.155,0.144,0.144,0.137,0.141,0.147,0.14,0.151,0.157,0.166,0.165,0.136,0.147,0.143,0.144,0.134,0.147,0.133,0.145,0.169,0.143,0.163,0.145,0.141,0.154,0.153,0.109,0.13,0.161,0.158,0.157,0.109,0.149,0.151,0.151,0.151,0.148,0.098,0.151,0.112,0.131,0.152,0.13,0.132,0.168,0.081,0.143,0.172,0.134,0.162,0.169,0.168,0.146,0.16,0.096,0.164,0.143,0.137,0.157,0.145,0.136,0.126,0.166,0.156,0.179,0.144,0.154,0.159,0.148,0.14,0.109,0.126,0.133,0.154,0.145,0.129,0.142,0.158,0.142,0.131,0.131,0.135,0.157,0.157,0.147,0.129,0.132,0.15,0.147,0.046,0.146,0.116,0.158,0.172,0.137,0.146,0.133,0.153,0.118,0.126,0.129,0.167,0.182,0.163,0.148,0.112,0.058,0.148,0.151,0.159,0.134,0.122,0.14,0.127,0.119,0.147,0.133,0.063,0.143,0.144,0.162,0.119,0.149,0.127,0.117,0.141,0.11,0.182,0.129,0.133,0.125,0.134,0.158,0.154,0.163,0.142,0.182,0.106,0.12,0.165,0.133,0.106,0.157,0.153,0.166,0.141,0.147,0.134,0.155,0.158,0.115,0.14,0.16,0.179,0.116,0.14,0.154
GCF_000240135.3_ASM24013v3,0.294,0.285,0.462,0.196,0.382,0.296,0.261,0.343,0.199,0.463,0.246,0.146,1.0,0.135,0.259,0.202,0.43,0.408,0.455,0.239,0.434,0.453,0.3,0.498,0.477,0.454,0.329,0.462,0.414,0.252,0.432,0.302,0.379,0.258,0.662,0.848,0.268,0.3,0.286,0.502,0.427,0.297,0.298,0.477,0.355,0.5,0.5,0.469,0.848,0.929,0.496,0.298,0.407,0.228,0.221,0.38,0.402,0.282,0.473,0.462,0.141,0.392,0.323,0.383,0.262,0.396,0.332,0.326,0.238,0.354,0.396,0.287,0.54,0.274,0.332,0.247,0.377,0.458,0.437,0.49,0.462,0.369,0.403,0.538,0.445,0.327,0.28,0.392,0.38,0.204,0.35,0.235,0.285,0.324,0.35,0.181,0.233,0.333,0.3,0.382,0.293,0.453,0.26,0.267,0.229,0.333,0.453,0.296,0.44,0.336,0.263,0.422,0.408,0.365,0.206,0.229,0.374,0.341,0.188,0.231,0.244,0.333,0.373,0.139,0.195,0.471,0.44,0.259,0.312,0.397,0.906,0.406,0.183,0.237,0.206,0.386,0.302,0.366,0.315,0.354,0.235,0.405,0.32,0.462,0.34,0.577,0.206,0.318,0.157,0.24,0.312,0.264,0.452,0.35,0.411,0.368,0.306,0.524,0.324,0.246,0.206,0.455,0.368,0.262,0.464,0.195,0.376,0.14,0.601,0.402,0.426,0.316,0.463,0.598,0.478,0.272,0.231,0.19,0.233,0.247,0.334,0.202,0.357,0.28,0.177,0.255,0.427,0.439,0.307,0.245,0.184,0.404,0.417,0.402,0.524,0.131,0.3,0.473,0.319,0.371,0.435,0.191,0.345,0.219,0.15,0.322,0.279,0.266,0.264,0.249,0.349,0.321,0.391,0.848,0.224,0.183,0.579,0.38,0.353,0.324,0.355,0.38,0.326,0.344,0.333,0.155,0.402,0.397,0.478,0.538,0.214,0.24,0.368,0.309,0.429
GCF_001641265.1_ASM164126v1,0.147,0.167,0.129,0.118,0.194,0.128,0.126,0.161,0.104,0.139,0.118,0.085,0.135,1.0,0.127,0.114,0.198,0.178,0.195,0.119,0.149,0.249,0.12,0.146,0.165,0.22,0.169,0.22,0.208,0.095,0.145,0.115,0.181,0.15,0.155,0.174,0.172,0.111,0.15,0.181,0.164,0.153,0.122,0.172,0.106,0.124,0.161,0.141,0.174,0.148,0.165,0.124,0.205,0.106,0.124,0.172,0.213,0.067,0.18,0.22,0.233,0.109,0.206,0.176,0.158,0.196,0.129,0.121,0.124,0.124,0.188,0.135,0.162,0.103,0.121,0.131,0.116,0.161,0.193,0.151,0.22,0.134,0.132,0.111,0.231,0.161,0.151,0.163,0.172,0.119,0.154,0.117,0.173,0.152,0.13,0.139,0.131,0.221,0.162,0.206,0.159,0.166,0.122,0.117,0.109,0.159,0.155,0.114,0.201,0.109,0.102,0.176,0.152,0.12,0.141,0.116,0.175,0.109,0.147,0.13,0.134,0.106,0.172,0.081,0.111,0.178,0.206,0.108,0.111,0.157,0.149,0.2,0.387,0.123,0.119,0.155,0.118,0.157,0.161,0.122,0.158,0.172,0.158,0.22,0.18,0.137,0.141,0.135,0.041,0.135,0.142,0.125,0.18,0.117,0.173,0.196,0.138,0.164,0.129,0.121,0.133,0.195,0.183,0.135,0.163,0.126,0.179,0.218,0.134,0.144,0.191,0.166,0.175,0.145,0.12,0.136,0.146,0.094,0.108,0.138,0.174,0.103,0.117,0.134,0.469,0.117,0.163,0.172,0.121,0.1,0.163,0.179,0.117,0.172,0.165,0.235,0.162,0.217,0.153,0.132,0.138,0.238,0.123,0.148,0.266,0.174,0.116,0.139,0.097,0.099,0.165,0.12,0.194,0.177,0.157,0.106,0.142,0.172,0.116,0.12,0.106,0.143,0.179,0.122,0.155,0.099,0.156,0.184,0.144,0.178,0.123,0.104,0.112,0.149,0.19
GCF_000349305.1_ASM34930v2,0.228,0.298,0.208,0.207,0.229,0.277,0.259,0.319,0.212,0.22,0.268,0.139,0.259,0.127,1.0,0.186,0.278,0.229,0.237,0.325,0.194,0.32,0.321,0.172,0.245,0.32,0.234,0.32,0.199,0.455,0.201,0.26,0.252,0.292,0.249,0.218,0.245,0.349,0.277,0.258,0.309,0.3,0.303,0.223,0.389,0.146,0.248,0.228,0.218,0.249,0.179,0.315,0.199,0.297,0.217,0.232,0.307,0.372,0.265,0.32,0.146,0.3,0.269,0.263,0.201,0.203,0.36,0.42,0.336,0.275,0.255,0.174,0.22,0.321,0.328,0.228,0.307,0.234,0.28,0.2,0.32,0.257,0.275,0.219,0.305,0.287,0.256,0.207,0.232,0.189,0.239,0.327,0.25,0.296,0.287,0.199,0.297,0.252,0.273,0.175,0.254,0.187,0.297,0.241,0.257,0.256,0.265,0.291,0.232,0.311,0.306,0.268,0.272,0.373,0.227,0.194,0.175,0.349,0.199,0.249,0.223,0.383,0.239,0.214,0.166,0.236,0.236,0.267,0.237,0.264,0.21,0.216,0.132,0.246,0.211,0.263,0.339,0.342,0.332,0.302,0.245,0.278,0.187,0.32,0.223,0.213,0.227,0.253,0.146,0.561,0.33,0.242,0.263,0.286,0.253,0.291,0.214,0.196,0.228,0.245,0.249,0.237,0.237,0.25,0.224,0.258,0.235,0.107,0.147,0.247,0.246,0.248,0.205,0.192,0.24,0.293,0.514,0.292,0.239,0.274,0.249,0.226,0.365,0.233,0.126,0.246,0.216,0.254,0.336,0.231,0.228,0.262,0.349,0.225,0.21,0.141,0.273,0.253,0.199,0.32,0.168,0.183,0.21,0.231,0.137,0.222,0.225,0.267,0.339,0.301,0.256,0.398,0.23,0.227,0.287,0.195,0.227,0.232,0.268,0.366,0.389,0.243,0.253,0.381,0.262,0.278,0.176,0.209,0.228,0.244,0.188,0.227,0.303,0.256,0.247
GCF_019207475.1_ASM1920747v1,0.389,0.35,0.235,0.248,0.229,0.322,0.192,0.387,0.263,0.17,0.298,0.145,0.202,0.114,0.186,1.0,0.236,0.205,0.208,0.234,0.213,0.267,0.284,0.17,0.209,0.296,0.227,0.312,0.219,0.177,0.193,0.253,0.214,0.279,0.202,0.23,0.231,0.264,0.28,0.281,0.206,0.351,0.275,0.242,0.233,0.209,0.245,0.276,0.23,0.211,0.201,0.219,0.189,0.271,0.32,0.219,0.292,0.223,0.191,0.312,0.13,0.241,0.233,0.182,0.226,0.184,0.258,0.26,0.201,0.225,0.242,0.252,0.178,0.272,0.262,0.284,0.251,0.236,0.244,0.206,0.312,0.303,0.291,0.226,0.312,0.256,0.333,0.2,0.219,0.358,0.226,0.238,0.327,0.326,0.28,0.32,0.234,0.266,0.355,0.201,0.338,0.196,0.307,0.237,0.277,0.415,0.204,0.228,0.216,0.225,0.282,0.236,0.259,0.238,0.232,0.22,0.208,0.236,0.246,0.222,0.223,0.243,0.21,0.206,0.179,0.222,0.222,0.224,0.267,0.213,0.212,0.171,0.119,0.247,0.883,0.348,0.231,0.279,0.369,0.254,0.302,0.231,0.215,0.312,0.262,0.168,0.232,0.307,0.19,0.244,0.224,0.272,0.254,0.257,0.256,0.192,0.21,0.178,0.374,0.232,0.212,0.208,0.196,0.311,0.242,0.244,0.199,0.136,0.211,0.29,0.206,0.205,0.204,0.262,0.194,0.3,0.225,0.208,0.272,0.269,0.217,0.901,0.233,0.302,0.132,0.296,0.207,0.24,0.237,0.197,0.259,0.221,0.266,0.214,0.167,0.204,0.355,0.241,0.223,0.263,0.205,0.119,0.202,0.307,0.157,0.189,0.217,0.265,0.215,0.213,0.193,0.251,0.228,0.23,0.199,0.16,0.223,0.219,0.251,0.251,0.233,0.252,0.214,0.238,0.306,0.228,0.147,0.228,0.271,0.199,0.908,0.267,0.264,0.36,0.208
GCF_015533775.1_ASM1553377v1,0.32,0.265,0.324,0.17,0.884,0.225,0.211,0.315,0.183,0.384,0.257,0.143,0.43,0.198,0.278,0.236,1.0,0.625,0.694,0.262,0.317,0.516,0.285,0.374,0.404,0.48,0.449,0.488,0.724,0.22,0.333,0.299,0.663,0.247,0.445,0.433,0.372,0.28,0.278,0.437,0.48,0.261,0.241,0.399,0.344,0.365,0.414,0.277,0.433,0.408,0.369,0.285,0.716,0.227,0.245,0.688,0.474,0.243,0.386,0.488,0.144,0.353,0.456,0.477,0.318,0.724,0.325,0.304,0.185,0.358,0.642,0.213,0.373,0.241,0.298,0.288,0.337,0.441,0.788,0.411,0.488,0.323,0.377,0.383,0.504,0.431,0.225,0.669,0.688,0.257,0.373,0.229,0.356,0.328,0.377,0.235,0.23,0.457,0.319,0.739,0.288,0.363,0.252,0.165,0.299,0.289,0.486,0.312,0.912,0.317,0.315,0.552,0.409,0.367,0.211,0.253,0.66,0.305,0.2,0.244,0.238,0.32,0.681,0.171,0.099,0.392,0.92,0.213,0.334,0.713,0.439,0.703,0.199,0.234,0.254,0.293,0.32,0.394,0.353,0.306,0.247,0.613,0.509,0.488,0.464,0.406,0.211,0.364,0.16,0.315,0.317,0.208,0.397,0.325,0.392,0.538,0.407,0.39,0.312,0.203,0.268,0.694,0.626,0.288,0.461,0.218,0.588,0.101,0.443,0.416,0.69,0.434,0.393,0.417,0.357,0.193,0.219,0.153,0.219,0.244,0.488,0.249,0.359,0.274,0.217,0.234,0.583,0.418,0.308,0.217,0.256,0.573,0.314,0.665,0.387,0.15,0.319,0.524,0.416,0.309,0.437,0.28,0.297,0.21,0.166,0.5,0.299,0.252,0.267,0.271,0.535,0.297,0.702,0.433,0.192,0.201,0.403,0.688,0.257,0.317,0.344,0.344,0.668,0.367,0.324,0.175,0.323,0.63,0.269,0.418,0.262,0.254,0.293,0.285,0.717
GCF_013368755.1_ASM1336875v1,0.254,0.23,0.298,0.215,0.662,0.276,0.187,0.284,0.152,0.408,0.195,0.17,0.408,0.178,0.229,0.205,0.625,1.0,0.612,0.274,0.379,0.463,0.208,0.414,0.362,0.414,0.437,0.414,0.614,0.221,0.298,0.288,0.649,0.217,0.399,0.428,0.349,0.258,0.304,0.388,0.452,0.27,0.215,0.373,0.237,0.327,0.425,0.33,0.428,0.409,0.371,0.251,0.614,0.195,0.184,0.63,0.398,0.175,0.332,0.414,0.126,0.261,0.429,0.405,0.254,0.614,0.317,0.303,0.213,0.316,0.606,0.278,0.357,0.263,0.265,0.267,0.305,0.419,0.656,0.435,0.414,0.343,0.271,0.355,0.429,0.401,0.23,0.679,0.63,0.197,0.377,0.236,0.351,0.331,0.293,0.169,0.237,0.441,0.299,0.607,0.27,0.394,0.205,0.255,0.241,0.281,0.463,0.233,0.662,0.265,0.216,0.528,0.34,0.274,0.216,0.173,0.578,0.28,0.167,0.163,0.231,0.282,0.633,0.129,0.099,0.372,0.665,0.183,0.275,0.655,0.412,0.608,0.212,0.245,0.218,0.331,0.261,0.358,0.269,0.304,0.207,0.542,0.456,0.414,0.414,0.404,0.216,0.26,0.131,0.214,0.281,0.255,0.401,0.261,0.362,0.484,0.409,0.353,0.251,0.255,0.245,0.612,0.693,0.2,0.457,0.164,0.662,0.113,0.369,0.35,0.649,0.449,0.338,0.412,0.375,0.194,0.244,0.151,0.118,0.186,0.426,0.211,0.266,0.161,0.21,0.237,0.541,0.418,0.267,0.21,0.227,0.623,0.268,0.665,0.364,0.119,0.299,0.448,0.375,0.272,0.406,0.262,0.244,0.177,0.132,0.455,0.283,0.181,0.241,0.226,0.432,0.287,0.616,0.436,0.239,0.15,0.367,0.63,0.245,0.267,0.237,0.293,0.651,0.275,0.327,0.221,0.326,0.583,0.33,0.356,0.206,0.208,0.331,0.222,0.643
GCF_000184455.2_ASM18445v3,0.266,0.241,0.329,0.209,0.703,0.226,0.236,0.296,0.178,0.357,0.189,0.157,0.455,0.195,0.237,0.208,0.694,0.612,1.0,0.261,0.355,0.496,0.224,0.364,0.39,0.42,0.408,0.428,0.692,0.171,0.256,0.218,0.725,0.22,0.396,0.362,0.347,0.259,0.288,0.446,0.412,0.241,0.25,0.378,0.345,0.384,0.434,0.32,0.362,0.434,0.39,0.23,0.684,0.212,0.235,0.726,0.428,0.217,0.399,0.428,0.132,0.325,0.447,0.47,0.313,0.684,0.33,0.286,0.216,0.394,0.737,0.221,0.382,0.214,0.292,0.234,0.304,0.365,0.699,0.4,0.428,0.352,0.345,0.378,0.444,0.509,0.24,0.762,0.726,0.236,0.374,0.241,0.319,0.364,0.312,0.195,0.192,0.48,0.305,0.684,0.304,0.378,0.22,0.19,0.21,0.343,0.475,0.249,0.714,0.276,0.269,0.532,0.392,0.364,0.232,0.207,0.629,0.284,0.211,0.25,0.231,0.3,0.741,0.13,0.119,0.456,0.695,0.185,0.295,0.609,0.383,0.686,0.22,0.251,0.189,0.367,0.196,0.364,0.344,0.274,0.206,0.575,0.498,0.428,0.431,0.369,0.232,0.278,0.137,0.291,0.307,0.285,0.378,0.314,0.402,0.545,0.35,0.367,0.286,0.2,0.217,1.0,0.534,0.181,0.434,0.205,0.555,0.103,0.415,0.364,0.946,0.474,0.416,0.398,0.43,0.234,0.257,0.157,0.199,0.193,0.474,0.18,0.356,0.196,0.202,0.273,0.612,0.399,0.255,0.213,0.209,0.529,0.331,0.741,0.375,0.138,0.305,0.527,0.389,0.262,0.429,0.243,0.261,0.191,0.135,0.514,0.272,0.241,0.217,0.302,0.488,0.257,0.761,0.362,0.233,0.159,0.37,0.726,0.311,0.284,0.345,0.323,0.744,0.364,0.378,0.212,0.341,0.712,0.36,0.352,0.221,0.268,0.263,0.282,0.67
GCF_000320585.1_Heterobasidion_irregulare_v2.0,0.252,0.29,0.264,0.412,0.305,0.255,0.236,0.249,0.2,0.214,0.255,0.164,0.239,0.119,0.325,0.234,0.262,0.274,0.261,1.0,0.231,0.271,0.332,0.212,0.203,0.304,0.256,0.304,0.275,0.275,0.232,0.353,0.27,0.287,0.3,0.255,0.265,0.272,0.524,0.268,0.363,0.308,0.468,0.298,0.37,0.217,0.208,0.283,0.255,0.192,0.264,0.354,0.275,0.387,0.251,0.287,0.311,0.264,0.254,0.304,0.14,0.379,0.265,0.294,0.202,0.268,0.309,0.342,0.241,0.186,0.297,0.334,0.2,0.289,0.28,0.235,0.353,0.332,0.261,0.228,0.304,0.256,0.328,0.225,0.296,0.31,0.279,0.214,0.287,0.214,0.276,0.287,0.291,0.296,0.287,0.212,0.438,0.216,0.275,0.257,0.265,0.284,0.301,0.378,0.303,0.199,0.259,0.439,0.262,0.299,0.244,0.356,0.292,0.378,0.352,0.172,0.216,0.326,0.205,0.295,0.252,0.391,0.28,0.168,0.129,0.246,0.257,0.409,0.404,0.279,0.23,0.26,0.119,0.346,0.247,0.28,0.238,0.356,0.252,0.303,0.315,0.328,0.244,0.304,0.269,0.233,0.352,0.324,0.163,0.282,0.273,0.336,0.246,0.322,0.305,0.252,0.305,0.193,0.26,0.255,0.345,0.261,0.301,0.3,0.257,0.305,0.299,0.113,0.215,0.286,0.249,0.321,0.247,0.286,0.209,0.423,0.27,0.209,0.263,0.449,0.286,0.233,0.37,0.262,0.159,0.275,0.331,0.311,0.325,0.228,0.283,0.281,0.311,0.248,0.186,0.142,0.275,0.277,0.272,0.315,0.264,0.168,0.283,0.242,0.143,0.23,0.225,0.266,0.367,0.253,0.201,0.327,0.308,0.208,0.298,0.183,0.236,0.287,0.335,0.299,0.37,0.24,0.242,0.389,0.347,0.335,0.267,0.258,0.29,0.2,0.24,0.326,0.318,0.279,0.253
GCF_000182805.2_ASM18280v2,0.257,0.226,0.362,0.252,0.403,0.23,0.226,0.237,0.147,0.378,0.212,0.127,0.434,0.149,0.194,0.213,0.317,0.379,0.355,0.231,1.0,0.454,0.168,0.468,0.454,0.401,0.297,0.422,0.361,0.199,0.38,0.248,0.409,0.233,0.435,0.517,0.285,0.318,0.213,0.338,0.379,0.284,0.237,0.594,0.197,0.413,0.624,0.362,0.517,0.508,0.482,0.258,0.354,0.213,0.224,0.346,0.397,0.246,0.505,0.422,0.138,0.303,0.327,0.314,0.217,0.339,0.298,0.256,0.244,0.279,0.383,0.239,0.491,0.256,0.259,0.259,0.306,0.376,0.391,0.629,0.422,0.323,0.296,0.46,0.429,0.345,0.266,0.393,0.346,0.258,0.349,0.256,0.298,0.326,0.308,0.151,0.209,0.254,0.286,0.359,0.27,0.962,0.201,0.227,0.241,0.25,0.407,0.199,0.416,0.242,0.216,0.324,0.317,0.26,0.178,0.157,0.33,0.277,0.178,0.139,0.246,0.239,0.346,0.098,0.146,0.488,0.37,0.211,0.22,0.32,0.498,0.354,0.161,0.243,0.245,0.342,0.257,0.344,0.3,0.239,0.261,0.39,0.311,0.422,0.357,0.469,0.178,0.244,0.129,0.235,0.251,0.191,0.476,0.26,0.384,0.333,0.364,0.483,0.274,0.147,0.176,0.355,0.336,0.232,0.412,0.215,0.328,0.113,0.5,0.347,0.366,0.284,0.483,0.464,0.462,0.266,0.212,0.098,0.133,0.228,0.36,0.213,0.253,0.223,0.198,0.26,0.337,0.391,0.195,0.229,0.23,0.33,0.308,0.406,0.511,0.147,0.286,0.484,0.359,0.293,0.552,0.18,0.282,0.193,0.127,0.277,0.215,0.279,0.251,0.213,0.247,0.232,0.318,0.509,0.236,0.186,0.482,0.346,0.258,0.29,0.197,0.273,0.381,0.287,0.341,0.218,0.379,0.387,0.381,0.445,0.199,0.22,0.279,0.263,0.396
GCF_000409485.1_GLAREA,0.335,0.242,0.314,0.263,0.52,0.296,0.263,0.39,0.233,0.386,0.267,0.183,0.453,0.249,0.32,0.267,0.516,0.463,0.496,0.295,0.454,1.0,0.265,0.37,0.434,0.637,0.441,0.637,0.525,0.226,0.32,0.268,0.515,0.253,0.478,0.494,0.311,0.336,0.362,0.5,0.48,0.334,0.27,0.46,0.31,0.357,0.46,0.321,0.494,0.49,0.433,0.289,0.525,0.256,0.234,0.483,0.633,0.257,0.48,0.637,0.124,0.35,0.461,0.355,0.343,0.513,0.321,0.305,0.272,0.341,0.491,0.242,0.473,0.298,0.348,0.242,0.329,0.475,0.519,0.462,0.637,0.375,0.39,0.392,0.654,0.37,0.3,0.452,0.483,0.303,0.339,0.274,0.384,0.397,0.369,0.229,0.217,0.443,0.386,0.525,0.319,0.428,0.294,0.228,0.23,0.348,0.425,0.353,0.526,0.318,0.247,0.466,0.398,0.318,0.207,0.282,0.511,0.331,0.195,0.245,0.207,0.255,0.483,0.199,0.154,0.444,0.522,0.262,0.31,0.477,0.472,0.536,0.25,0.289,0.28,0.355,0.355,0.397,0.397,0.317,0.254,0.458,0.451,0.637,0.529,0.451,0.207,0.307,0.153,0.268,0.301,0.287,0.457,0.336,0.41,0.461,0.375,0.48,0.373,0.232,0.274,0.496,0.517,0.31,0.426,0.233,0.517,0.115,0.422,0.371,0.508,0.388,0.464,0.466,0.353,0.287,0.271,0.138,0.244,0.285,0.362,0.312,0.31,0.288,0.313,0.282,0.463,0.445,0.323,0.245,0.238,0.5,0.311,0.5,0.48,0.142,0.386,0.671,0.378,0.319,0.399,0.265,0.297,0.238,0.165,0.488,0.273,0.294,0.287,0.297,0.452,0.281,0.493,0.494,0.313,0.195,0.363,0.483,0.351,0.349,0.31,0.332,0.475,0.326,0.372,0.189,0.321,0.472,0.34,0.433,0.27,0.274,0.281,0.371,0.489
GCF_014466165.1_ASM1446616v1,0.291,0.224,0.247,0.329,0.254,0.326,0.262,0.332,0.201,0.196,0.227,0.166,0.3,0.12,0.321,0.284,0.285,0.208,0.224,0.332,0.168,0.265,1.0,0.218,0.197,0.296,0.188,0.296,0.207,0.277,0.176,0.294,0.172,0.23,0.268,0.247,0.189,0.287,0.342,0.31,0.278,0.318,0.398,0.285,0.333,0.172,0.228,0.275,0.247,0.26,0.236,0.288,0.228,0.425,0.222,0.167,0.267,0.248,0.189,0.296,0.133,0.327,0.277,0.279,0.231,0.231,0.307,0.304,0.187,0.244,0.23,0.274,0.184,0.307,0.251,0.267,0.337,0.261,0.23,0.231,0.296,0.267,0.317,0.199,0.289,0.225,0.272,0.193,0.167,0.247,0.211,0.293,0.325,0.325,0.233,0.24,0.361,0.239,0.266,0.203,0.245,0.194,0.252,0.323,0.271,0.252,0.3,0.345,0.255,0.265,0.205,0.274,0.301,0.353,0.388,0.188,0.174,0.291,0.226,0.367,0.211,0.294,0.191,0.188,0.167,0.234,0.27,0.422,0.368,0.248,0.291,0.268,0.149,0.325,0.248,0.356,0.26,0.275,0.286,0.232,0.28,0.283,0.25,0.296,0.206,0.186,0.388,0.328,0.154,0.312,0.243,0.26,0.225,0.261,0.273,0.224,0.226,0.18,0.24,0.236,0.325,0.224,0.206,0.231,0.242,0.374,0.24,0.113,0.255,0.27,0.208,0.22,0.193,0.218,0.212,0.367,0.28,0.213,0.312,0.422,0.287,0.208,0.346,0.237,0.134,0.301,0.246,0.274,0.377,0.259,0.249,0.245,0.293,0.237,0.187,0.148,0.266,0.289,0.205,0.276,0.231,0.137,0.225,0.264,0.145,0.241,0.277,0.265,0.315,0.273,0.222,0.377,0.222,0.247,0.339,0.174,0.246,0.167,0.329,0.288,0.333,0.274,0.212,0.353,0.305,0.398,0.203,0.249,0.282,0.212,0.246,0.327,0.304,0.297,0.213
